 1  6096500.  465000.  1400.
 2  6096419.5  465300.  1400.
 3  6096200.  465519.625  1400.
 4  6095900.  465600.  1400.
 5  6095600.  465519.625  1400.
 6  6095380.5  465300.  1400.
 7  6095300.  465000.  1400.
 8  6095380.5  464700.  1400.
 9  6095600.  464480.375  1400.
 10  6095900.  464400.  1400.
 11  6096200.  464480.375  1400.
 12  6096419.5  464700.  1400.
 13  6096900.  465000.  1400.
 14  6096813.5  465406.75  1400.
 15  6096569.  465743.156  1400.
 16  6096209.  465951.062  1400.
 17  6095795.5  465994.531  1400.
 18  6095400.  465866.031  1400.
 19  6095091.  465587.781  1400.
 20  6094922.  465207.906  1400.
 21  6094922.  464792.094  1400.
 22  6095091.  464412.219  1400.
 23  6095400.  464133.969  1400.
 24  6095795.5  464005.469  1400.
 25  6096209.  464048.938  1400.
 26  6096569.  464256.844  1400.
 27  6096813.5  464593.25  1400.
 28  6097300.  465000.  1400.
 29  6097215.5  465478.844  1400.
 30  6096972.5  465899.906  1400.
