101	6.07756e+06	455129	4300
102	6.07756e+06	455159	4300
103	6.07756e+06	455189	4300
104	6.07756e+06	455219	4300
105	6.07756e+06	455249	4300
106	6.07756e+06	455279	4300
107	6.07756e+06	455309	4300
108	6.07756e+06	455339	4300
109	6.07756e+06	455369	4300
110	6.07756e+06	455399	4300
111	6.07756e+06	455429	4300
112	6.07756e+06	455459	4300
113	6.07756e+06	455489	4300
114	6.07756e+06	455519	4300
115	6.07756e+06	455549	4300
116	6.07756e+06	455579	4300
117	6.07756e+06	455609	4300
118	6.07756e+06	455639	4300
119	6.07756e+06	455669	4300
120	6.07756e+06	455699	4300
121	6.07756e+06	455729	4300
122	6.07756e+06	455759	4300
123	6.07756e+06	455789	4300
124	6.07756e+06	455819	4300
125	6.07761e+06	455144	4300
126	6.07761e+06	455174	4300
127	6.07761e+06	455204	4300
128	6.07761e+06	455234	4300
129	6.07761e+06	455264	4300
130	6.07761e+06	455294	4300
131	6.07761e+06	455324	4300
132	6.07761e+06	455354	4300
133	6.07761e+06	455384	4300
134	6.07761e+06	455414	4300
135	6.07761e+06	455444	4300
136	6.07761e+06	455474	4300
137	6.07761e+06	455504	4300
138	6.07761e+06	455534	4300
139	6.07761e+06	455564	4300
140	6.07761e+06	455594	4300
141	6.07761e+06	455624	4300
142	6.07761e+06	455654	4300
143	6.07761e+06	455684	4300
144	6.07761e+06	455714	4300
145	6.07761e+06	455744	4300
146	6.07761e+06	455774	4300
147	6.07761e+06	455804	4300
148	6.07761e+06	455834	4300
149	6.07766e+06	455129	4300
150	6.07766e+06	455159	4300
151	6.07766e+06	455189	4300
152	6.07766e+06	455219	4300
153	6.07766e+06	455249	4300
154	6.07766e+06	455279	4300
155	6.07766e+06	455309	4300
156	6.07766e+06	455339	4300
157	6.07766e+06	455369	4300
158	6.07766e+06	455399	4300
159	6.07766e+06	455429	4300
160	6.07766e+06	455459	4300
161	6.07766e+06	455489	4300
162	6.07766e+06	455519	4300
163	6.07766e+06	455549	4300
164	6.07766e+06	455579	4300
165	6.07766e+06	455609	4300
166	6.07766e+06	455639	4300
167	6.07766e+06	455669	4300
168	6.07766e+06	455699	4300
169	6.07766e+06	455729	4300
170	6.07766e+06	455759	4300
171	6.07766e+06	455789	4300
172	6.07766e+06	455819	4300
173	6.07771e+06	455144	4300
174	6.07771e+06	455174	4300
175	6.07771e+06	455204	4300
176	6.07771e+06	455234	4300
177	6.07771e+06	455264	4300
178	6.07771e+06	455294	4300
179	6.07771e+06	455324	4300
180	6.07771e+06	455354	4300
181	6.07771e+06	455384	4300
182	6.07771e+06	455414	4300
183	6.07771e+06	455444	4300
184	6.07771e+06	455474	4300
185	6.07771e+06	455504	4300
186	6.07771e+06	455534	4300
187	6.07771e+06	455564	4300
188	6.07771e+06	455594	4300
189	6.07771e+06	455624	4300
190	6.07771e+06	455654	4300
191	6.07771e+06	455684	4300
192	6.07771e+06	455714	4300
193	6.07771e+06	455744	4300
194	6.07771e+06	455774	4300
195	6.07771e+06	455804	4300
196	6.07771e+06	455834	4300
197	6.07776e+06	455129	4300
198	6.07776e+06	455159	4300
199	6.07776e+06	455189	4300
200	6.07776e+06	455219	4300
201	6.07776e+06	455249	4300
202	6.07776e+06	455279	4300
203	6.07776e+06	455309	4300
204	6.07776e+06	455339	4300
205	6.07776e+06	455369	4300
206	6.07776e+06	455399	4300
207	6.07776e+06	455429	4300
208	6.07776e+06	455459	4300
209	6.07776e+06	455489	4300
210	6.07776e+06	455519	4300
211	6.07776e+06	455549	4300
212	6.07776e+06	455579	4300
213	6.07776e+06	455609	4300
214	6.07776e+06	455639	4300
215	6.07776e+06	455669	4300
216	6.07776e+06	455699	4300
217	6.07776e+06	455729	4300
218	6.07776e+06	455759	4300
219	6.07776e+06	455789	4300
220	6.07776e+06	455819	4300
221	6.07782e+06	455144	4300
222	6.07782e+06	455174	4300
223	6.07782e+06	455204	4300
224	6.07782e+06	455234	4300
225	6.07782e+06	455264	4300
226	6.07782e+06	455294	4300
227	6.07782e+06	455324	4300
228	6.07782e+06	455354	4300
229	6.07782e+06	455384	4300
230	6.07782e+06	455414	4300
231	6.07782e+06	455444	4300
232	6.07782e+06	455474	4300
233	6.07782e+06	455504	4300
234	6.07782e+06	455534	4300
235	6.07782e+06	455564	4300
236	6.07782e+06	455594	4300
237	6.07782e+06	455624	4300
238	6.07782e+06	455654	4300
239	6.07782e+06	455684	4300
240	6.07782e+06	455714	4300
241	6.07782e+06	455744	4300
242	6.07782e+06	455774	4300
243	6.07782e+06	455804	4300
244	6.07782e+06	455834	4300
245	6.07787e+06	455129	4300
246	6.07787e+06	455159	4300
247	6.07787e+06	455189	4300
248	6.07787e+06	455219	4300
249	6.07787e+06	455249	4300
250	6.07787e+06	455279	4300
251	6.07787e+06	455309	4300
252	6.07787e+06	455339	4300
253	6.07787e+06	455369	4300
254	6.07787e+06	455399	4300
255	6.07787e+06	455429	4300
256	6.07787e+06	455459	4300
257	6.07787e+06	455489	4300
258	6.07787e+06	455519	4300
259	6.07787e+06	455549	4300
260	6.07787e+06	455579	4300
261	6.07787e+06	455609	4300
262	6.07787e+06	455639	4300
263	6.07787e+06	455669	4300
264	6.07787e+06	455699	4300
265	6.07787e+06	455729	4300
266	6.07787e+06	455759	4300
267	6.07787e+06	455789	4300
268	6.07787e+06	455819	4300
269	6.07792e+06	455144	4300
270	6.07792e+06	455174	4300
271	6.07792e+06	455204	4300
272	6.07792e+06	455234	4300
273	6.07792e+06	455264	4300
274	6.07792e+06	455294	4300
275	6.07792e+06	455324	4300
276	6.07792e+06	455354	4300
277	6.07792e+06	455384	4300
278	6.07792e+06	455414	4300
279	6.07792e+06	455444	4300
280	6.07792e+06	455474	4300
281	6.07792e+06	455504	4300
282	6.07792e+06	455534	4300
283	6.07792e+06	455564	4300
284	6.07792e+06	455594	4300
285	6.07792e+06	455624	4300
286	6.07792e+06	455654	4300
287	6.07792e+06	455684	4300
288	6.07792e+06	455714	4300
289	6.07792e+06	455744	4300
290	6.07792e+06	455774	4300
291	6.07792e+06	455804	4300
292	6.07792e+06	455834	4300
293	6.07797e+06	455129	4300
294	6.07797e+06	455159	4300
295	6.07797e+06	455189	4300
296	6.07797e+06	455219	4300
297	6.07797e+06	455249	4300
298	6.07797e+06	455279	4300
299	6.07797e+06	455309	4300
300	6.07797e+06	455339	4300
301	6.07797e+06	455369	4300
302	6.07797e+06	455399	4300
303	6.07797e+06	455429	4300
304	6.07797e+06	455459	4300
305	6.07797e+06	455489	4300
306	6.07797e+06	455519	4300
307	6.07797e+06	455549	4300
308	6.07797e+06	455579	4300
309	6.07797e+06	455609	4300
310	6.07797e+06	455639	4300
311	6.07797e+06	455669	4300
312	6.07797e+06	455699	4300
313	6.07797e+06	455729	4300
314	6.07797e+06	455759	4300
315	6.07797e+06	455789	4300
316	6.07797e+06	455819	4300
317	6.07802e+06	455144	4300
318	6.07802e+06	455174	4300
319	6.07802e+06	455204	4300
320	6.07802e+06	455234	4300
321	6.07802e+06	455264	4300
322	6.07802e+06	455294	4300
323	6.07802e+06	455324	4300
324	6.07802e+06	455354	4300
325	6.07802e+06	455384	4300
326	6.07802e+06	455414	4300
327	6.07802e+06	455444	4300
328	6.07802e+06	455474	4300
329	6.07802e+06	455504	4300
330	6.07802e+06	455534	4300
331	6.07802e+06	455564	4300
332	6.07802e+06	455594	4300
333	6.07802e+06	455624	4300
334	6.07802e+06	455654	4300
335	6.07802e+06	455684	4300
336	6.07802e+06	455714	4300
337	6.07802e+06	455744	4300
338	6.07802e+06	455774	4300
339	6.07802e+06	455804	4300
340	6.07802e+06	455834	4300
341	6.07808e+06	455129	4300
342	6.07808e+06	455159	4300
343	6.07808e+06	455189	4300
344	6.07808e+06	455219	4300
345	6.07808e+06	455249	4300
346	6.07808e+06	455279	4300
347	6.07808e+06	455309	4300
348	6.07808e+06	455339	4300
349	6.07808e+06	455369	4300
350	6.07808e+06	455399	4300
351	6.07808e+06	455429	4300
352	6.07808e+06	455459	4300
353	6.07808e+06	455489	4300
354	6.07808e+06	455519	4300
355	6.07808e+06	455549	4300
356	6.07808e+06	455579	4300
357	6.07808e+06	455609	4300
358	6.07808e+06	455639	4300
359	6.07808e+06	455669	4300
360	6.07808e+06	455699	4300
361	6.07808e+06	455729	4300
362	6.07808e+06	455759	4300
363	6.07808e+06	455789	4300
364	6.07808e+06	455819	4300
365	6.07813e+06	455144	4300
366	6.07813e+06	455174	4300
367	6.07813e+06	455204	4300
368	6.07813e+06	455234	4300
369	6.07813e+06	455264	4300
370	6.07813e+06	455294	4300
371	6.07813e+06	455324	4300
372	6.07813e+06	455354	4300
373	6.07813e+06	455384	4300
374	6.07813e+06	455414	4300
375	6.07813e+06	455444	4300
376	6.07813e+06	455474	4300
377	6.07813e+06	455504	4300
378	6.07813e+06	455534	4300
379	6.07813e+06	455564	4300
380	6.07813e+06	455594	4300
381	6.07813e+06	455624	4300
382	6.07813e+06	455654	4300
383	6.07813e+06	455684	4300
384	6.07813e+06	455714	4300
385	6.07813e+06	455744	4300
386	6.07813e+06	455774	4300
387	6.07813e+06	455804	4300
388	6.07813e+06	455834	4300
389	6.07818e+06	455129	4300
390	6.07818e+06	455159	4300
391	6.07818e+06	455189	4300
392	6.07818e+06	455219	4300
393	6.07818e+06	455249	4300
394	6.07818e+06	455279	4300
395	6.07818e+06	455309	4300
396	6.07818e+06	455339	4300
397	6.07818e+06	455369	4300
398	6.07818e+06	455399	4300
399	6.07818e+06	455429	4300
400	6.07818e+06	455459	4300
401	6.07818e+06	455489	4300
402	6.07818e+06	455519	4300
403	6.07818e+06	455549	4300
404	6.07818e+06	455579	4300
405	6.07818e+06	455609	4300
406	6.07818e+06	455639	4300
407	6.07818e+06	455669	4300
408	6.07818e+06	455699	4300
409	6.07818e+06	455729	4300
410	6.07818e+06	455759	4300
411	6.07818e+06	455789	4300
412	6.07818e+06	455819	4300
413	6.07823e+06	455144	4300
414	6.07823e+06	455174	4300
415	6.07823e+06	455204	4300
416	6.07823e+06	455234	4300
417	6.07823e+06	455264	4300
418	6.07823e+06	455294	4300
419	6.07823e+06	455324	4300
420	6.07823e+06	455354	4300
421	6.07823e+06	455384	4300
422	6.07823e+06	455414	4300
423	6.07823e+06	455444	4300
424	6.07823e+06	455474	4300
425	6.07823e+06	455504	4300
426	6.07823e+06	455534	4300
427	6.07823e+06	455564	4300
428	6.07823e+06	455594	4300
429	6.07823e+06	455624	4300
430	6.07823e+06	455654	4300
431	6.07823e+06	455684	4300
432	6.07823e+06	455714	4300
433	6.07823e+06	455744	4300
434	6.07823e+06	455774	4300
435	6.07823e+06	455804	4300
436	6.07823e+06	455834	4300
437	6.07828e+06	455129	4300
438	6.07828e+06	455159	4300
439	6.07828e+06	455189	4300
440	6.07828e+06	455219	4300
441	6.07828e+06	455249	4300
442	6.07828e+06	455279	4300
443	6.07828e+06	455309	4300
444	6.07828e+06	455339	4300
445	6.07828e+06	455369	4300
446	6.07828e+06	455399	4300
447	6.07828e+06	455429	4300
448	6.07828e+06	455459	4300
449	6.07828e+06	455489	4300
450	6.07828e+06	455519	4300
451	6.07828e+06	455549	4300
452	6.07828e+06	455579	4300
453	6.07828e+06	455609	4300
454	6.07828e+06	455639	4300
455	6.07828e+06	455669	4300
456	6.07828e+06	455699	4300
457	6.07828e+06	455729	4300
458	6.07828e+06	455759	4300
459	6.07828e+06	455789	4300
460	6.07828e+06	455819	4300
461	6.07834e+06	455144	4300
462	6.07834e+06	455174	4300
463	6.07834e+06	455204	4300
464	6.07834e+06	455234	4300
465	6.07834e+06	455264	4300
466	6.07834e+06	455294	4300
467	6.07834e+06	455324	4300
468	6.07834e+06	455354	4300
469	6.07834e+06	455384	4300
470	6.07834e+06	455414	4300
471	6.07834e+06	455444	4300
472	6.07834e+06	455474	4300
473	6.07834e+06	455504	4300
474	6.07834e+06	455534	4300
475	6.07834e+06	455564	4300
476	6.07834e+06	455594	4300
477	6.07834e+06	455624	4300
478	6.07834e+06	455654	4300
479	6.07834e+06	455684	4300
480	6.07834e+06	455714	4300
481	6.07834e+06	455744	4300
482	6.07834e+06	455774	4300
483	6.07834e+06	455804	4300
484	6.07834e+06	455834	4300
485	6.07839e+06	455129	4300
486	6.07839e+06	455159	4300
487	6.07839e+06	455189	4300
488	6.07839e+06	455219	4300
489	6.07839e+06	455249	4300
490	6.07839e+06	455279	4300
491	6.07839e+06	455309	4300
492	6.07839e+06	455339	4300
493	6.07839e+06	455369	4300
494	6.07839e+06	455399	4300
495	6.07839e+06	455429	4300
496	6.07839e+06	455459	4300
497	6.07839e+06	455489	4300
498	6.07839e+06	455519	4300
499	6.07839e+06	455549	4300
500	6.07839e+06	455579	4300
501	6.07839e+06	455609	4300
502	6.07839e+06	455639	4300
503	6.07839e+06	455669	4300
504	6.07839e+06	455699	4300
505	6.07839e+06	455729	4300
506	6.07839e+06	455759	4300
507	6.07839e+06	455789	4300
508	6.07839e+06	455819	4300
509	6.07844e+06	455144	4300
510	6.07844e+06	455174	4300
511	6.07844e+06	455204	4300
512	6.07844e+06	455234	4300
513	6.07844e+06	455264	4300
514	6.07844e+06	455294	4300
515	6.07844e+06	455324	4300
516	6.07844e+06	455354	4300
517	6.07844e+06	455384	4300
518	6.07844e+06	455414	4300
519	6.07844e+06	455444	4300
520	6.07844e+06	455474	4300
521	6.07844e+06	455504	4300
522	6.07844e+06	455534	4300
523	6.07844e+06	455564	4300
524	6.07844e+06	455594	4300
525	6.07844e+06	455624	4300
526	6.07844e+06	455654	4300
527	6.07844e+06	455684	4300
528	6.07844e+06	455714	4300
529	6.07844e+06	455744	4300
530	6.07844e+06	455774	4300
531	6.07844e+06	455804	4300
532	6.07844e+06	455834	4300
533	6.07849e+06	455129	4300
534	6.07849e+06	455159	4300
535	6.07849e+06	455189	4300
536	6.07849e+06	455219	4300
537	6.07849e+06	455249	4300
538	6.07849e+06	455279	4300
539	6.07849e+06	455309	4300
540	6.07849e+06	455339	4300
541	6.07849e+06	455369	4300
542	6.07849e+06	455399	4300
543	6.07849e+06	455429	4300
544	6.07849e+06	455459	4300
545	6.07849e+06	455489	4300
546	6.07849e+06	455519	4300
547	6.07849e+06	455549	4300
548	6.07849e+06	455579	4300
549	6.07849e+06	455609	4300
550	6.07849e+06	455639	4300
551	6.07849e+06	455669	4300
552	6.07849e+06	455699	4300
553	6.07849e+06	455729	4300
554	6.07849e+06	455759	4300
555	6.07849e+06	455789	4300
556	6.07849e+06	455819	4300
557	6.07854e+06	455144	4300
558	6.07854e+06	455174	4300
559	6.07854e+06	455204	4300
560	6.07854e+06	455234	4300
561	6.07854e+06	455264	4300
562	6.07854e+06	455294	4300
563	6.07854e+06	455324	4300
564	6.07854e+06	455354	4300
565	6.07854e+06	455384	4300
566	6.07854e+06	455414	4300
567	6.07854e+06	455444	4300
568	6.07854e+06	455474	4300
569	6.07854e+06	455504	4300
570	6.07854e+06	455534	4300
571	6.07854e+06	455564	4300
572	6.07854e+06	455594	4300
573	6.07854e+06	455624	4300
574	6.07854e+06	455654	4300
575	6.07854e+06	455684	4300
576	6.07854e+06	455714	4300
577	6.07854e+06	455744	4300
578	6.07854e+06	455774	4300
579	6.07854e+06	455804	4300
580	6.07854e+06	455834	4300
581	6.0786e+06	455129	4300
582	6.0786e+06	455159	4300
583	6.0786e+06	455189	4300
584	6.0786e+06	455219	4300
585	6.0786e+06	455249	4300
586	6.0786e+06	455279	4300
587	6.0786e+06	455309	4300
588	6.0786e+06	455339	4300
589	6.0786e+06	455369	4300
590	6.0786e+06	455399	4300
591	6.0786e+06	455429	4300
592	6.0786e+06	455459	4300
593	6.0786e+06	455489	4300
594	6.0786e+06	455519	4300
595	6.0786e+06	455549	4300
596	6.0786e+06	455579	4300
597	6.0786e+06	455609	4300
598	6.0786e+06	455639	4300
599	6.0786e+06	455669	4300
600	6.0786e+06	455699	4300
601	6.0786e+06	455729	4300
602	6.0786e+06	455759	4300
603	6.0786e+06	455789	4300
604	6.0786e+06	455819	4300
605	6.07865e+06	455144	4300
606	6.07865e+06	455174	4300
607	6.07865e+06	455204	4300
608	6.07865e+06	455234	4300
609	6.07865e+06	455264	4300
610	6.07865e+06	455294	4300
611	6.07865e+06	455324	4300
612	6.07865e+06	455354	4300
613	6.07865e+06	455384	4300
614	6.07865e+06	455414	4300
615	6.07865e+06	455444	4300
616	6.07865e+06	455474	4300
617	6.07865e+06	455504	4300
618	6.07865e+06	455534	4300
619	6.07865e+06	455564	4300
620	6.07865e+06	455594	4300
621	6.07865e+06	455624	4300
622	6.07865e+06	455654	4300
623	6.07865e+06	455684	4300
624	6.07865e+06	455714	4300
625	6.07865e+06	455744	4300
626	6.07865e+06	455774	4300
627	6.07865e+06	455804	4300
628	6.07865e+06	455834	4300
629	6.0787e+06	455129	4300
630	6.0787e+06	455159	4300
631	6.0787e+06	455189	4300
632	6.0787e+06	455219	4300
633	6.0787e+06	455249	4300
634	6.0787e+06	455279	4300
635	6.0787e+06	455309	4300
636	6.0787e+06	455339	4300
637	6.0787e+06	455369	4300
638	6.0787e+06	455399	4300
639	6.0787e+06	455429	4300
640	6.0787e+06	455459	4300
641	6.0787e+06	455489	4300
642	6.0787e+06	455519	4300
643	6.0787e+06	455549	4300
644	6.0787e+06	455579	4300
645	6.0787e+06	455609	4300
646	6.0787e+06	455639	4300
647	6.0787e+06	455669	4300
648	6.0787e+06	455699	4300
649	6.0787e+06	455729	4300
650	6.0787e+06	455759	4300
651	6.0787e+06	455789	4300
652	6.0787e+06	455819	4300
653	6.07875e+06	455144	4300
654	6.07875e+06	455174	4300
655	6.07875e+06	455204	4300
656	6.07875e+06	455234	4300
657	6.07875e+06	455264	4300
658	6.07875e+06	455294	4300
659	6.07875e+06	455324	4300
660	6.07875e+06	455354	4300
661	6.07875e+06	455384	4300
662	6.07875e+06	455414	4300
663	6.07875e+06	455444	4300
664	6.07875e+06	455474	4300
665	6.07875e+06	455504	4300
666	6.07875e+06	455534	4300
667	6.07875e+06	455564	4300
668	6.07875e+06	455594	4300
669	6.07875e+06	455624	4300
670	6.07875e+06	455654	4300
671	6.07875e+06	455684	4300
672	6.07875e+06	455714	4300
673	6.07875e+06	455744	4300
674	6.07875e+06	455774	4300
675	6.07875e+06	455804	4300
676	6.07875e+06	455834	4300
677	6.0788e+06	455129	4300
678	6.0788e+06	455159	4300
679	6.0788e+06	455189	4300
680	6.0788e+06	455219	4300
681	6.0788e+06	455249	4300
682	6.0788e+06	455279	4300
683	6.0788e+06	455309	4300
684	6.0788e+06	455339	4300
685	6.0788e+06	455369	4300
686	6.0788e+06	455399	4300
687	6.0788e+06	455429	4300
688	6.0788e+06	455459	4300
689	6.0788e+06	455489	4300
690	6.0788e+06	455519	4300
691	6.0788e+06	455549	4300
692	6.0788e+06	455579	4300
693	6.0788e+06	455609	4300
694	6.0788e+06	455639	4300
695	6.0788e+06	455669	4300
696	6.0788e+06	455699	4300
697	6.0788e+06	455729	4300
698	6.0788e+06	455759	4300
699	6.0788e+06	455789	4300
700	6.0788e+06	455819	4300
701	6.07886e+06	455144	4300
702	6.07886e+06	455174	4300
703	6.07886e+06	455204	4300
704	6.07886e+06	455234	4300
705	6.07886e+06	455264	4300
706	6.07886e+06	455294	4300
707	6.07886e+06	455324	4300
708	6.07886e+06	455354	4300
709	6.07886e+06	455384	4300
710	6.07886e+06	455414	4300
711	6.07886e+06	455444	4300
712	6.07886e+06	455474	4300
713	6.07886e+06	455504	4300
714	6.07886e+06	455534	4300
715	6.07886e+06	455564	4300
716	6.07886e+06	455594	4300
717	6.07886e+06	455624	4300
718	6.07886e+06	455654	4300
719	6.07886e+06	455684	4300
720	6.07886e+06	455714	4300
721	6.07886e+06	455744	4300
722	6.07886e+06	455774	4300
723	6.07886e+06	455804	4300
724	6.07886e+06	455834	4300
725	6.07891e+06	455129	4300
726	6.07891e+06	455159	4300
727	6.07891e+06	455189	4300
728	6.07891e+06	455219	4300
729	6.07891e+06	455249	4300
730	6.07891e+06	455279	4300
731	6.07891e+06	455309	4300
732	6.07891e+06	455339	4300
733	6.07891e+06	455369	4300
734	6.07891e+06	455399	4300
735	6.07891e+06	455429	4300
736	6.07891e+06	455459	4300
737	6.07891e+06	455489	4300
738	6.07891e+06	455519	4300
739	6.07891e+06	455549	4300
740	6.07891e+06	455579	4300
741	6.07891e+06	455609	4300
742	6.07891e+06	455639	4300
743	6.07891e+06	455669	4300
744	6.07891e+06	455699	4300
745	6.07891e+06	455729	4300
746	6.07891e+06	455759	4300
747	6.07891e+06	455789	4300
748	6.07891e+06	455819	4300
749	6.07896e+06	455144	4300
750	6.07896e+06	455174	4300
751	6.07896e+06	455204	4300
752	6.07896e+06	455234	4300
753	6.07896e+06	455264	4300
754	6.07896e+06	455294	4300
755	6.07896e+06	455324	4300
756	6.07896e+06	455354	4300
757	6.07896e+06	455384	4300
758	6.07896e+06	455414	4300
759	6.07896e+06	455444	4300
760	6.07896e+06	455474	4300
761	6.07896e+06	455504	4300
762	6.07896e+06	455534	4300
763	6.07896e+06	455564	4300
764	6.07896e+06	455594	4300
765	6.07896e+06	455624	4300
766	6.07896e+06	455654	4300
767	6.07896e+06	455684	4300
768	6.07896e+06	455714	4300
769	6.07896e+06	455744	4300
770	6.07896e+06	455774	4300
771	6.07896e+06	455804	4300
772	6.07896e+06	455834	4300
773	6.07901e+06	455129	4300
774	6.07901e+06	455159	4300
775	6.07901e+06	455189	4300
776	6.07901e+06	455219	4300
777	6.07901e+06	455249	4300
778	6.07901e+06	455279	4300
779	6.07901e+06	455309	4300
780	6.07901e+06	455339	4300
781	6.07901e+06	455369	4300
782	6.07901e+06	455399	4300
783	6.07901e+06	455429	4300
784	6.07901e+06	455459	4300
785	6.07901e+06	455489	4300
786	6.07901e+06	455519	4300
787	6.07901e+06	455549	4300
788	6.07901e+06	455579	4300
789	6.07901e+06	455609	4300
790	6.07901e+06	455639	4300
791	6.07901e+06	455669	4300
792	6.07901e+06	455699	4300
793	6.07901e+06	455729	4300
794	6.07901e+06	455759	4300
795	6.07901e+06	455789	4300
796	6.07901e+06	455819	4300
797	6.07906e+06	455144	4300
798	6.07906e+06	455174	4300
799	6.07906e+06	455204	4300
800	6.07906e+06	455234	4300
801	6.07906e+06	455264	4300
802	6.07906e+06	455294	4300
803	6.07906e+06	455324	4300
804	6.07906e+06	455354	4300
805	6.07906e+06	455384	4300
806	6.07906e+06	455414	4300
807	6.07906e+06	455444	4300
808	6.07906e+06	455474	4300
809	6.07906e+06	455504	4300
810	6.07906e+06	455534	4300
811	6.07906e+06	455564	4300
812	6.07906e+06	455594	4300
813	6.07906e+06	455624	4300
814	6.07906e+06	455654	4300
815	6.07906e+06	455684	4300
816	6.07906e+06	455714	4300
817	6.07906e+06	455744	4300
818	6.07906e+06	455774	4300
819	6.07906e+06	455804	4300
820	6.07906e+06	455834	4300
821	6.07911e+06	455129	4300
822	6.07911e+06	455159	4300
823	6.07911e+06	455189	4300
824	6.07911e+06	455219	4300
825	6.07911e+06	455249	4300
826	6.07911e+06	455279	4300
827	6.07911e+06	455309	4300
828	6.07911e+06	455339	4300
829	6.07911e+06	455369	4300
830	6.07911e+06	455399	4300
831	6.07911e+06	455429	4300
832	6.07911e+06	455459	4300
833	6.07911e+06	455489	4300
834	6.07911e+06	455519	4300
835	6.07911e+06	455549	4300
836	6.07911e+06	455579	4300
837	6.07911e+06	455609	4300
838	6.07911e+06	455639	4300
839	6.07911e+06	455669	4300
840	6.07911e+06	455699	4300
841	6.07911e+06	455729	4300
842	6.07911e+06	455759	4300
843	6.07911e+06	455789	4300
844	6.07911e+06	455819	4300
845	6.07917e+06	455144	4300
846	6.07917e+06	455174	4300
847	6.07917e+06	455204	4300
848	6.07917e+06	455234	4300
849	6.07917e+06	455264	4300
850	6.07917e+06	455294	4300
851	6.07917e+06	455324	4300
852	6.07917e+06	455354	4300
853	6.07917e+06	455384	4300
854	6.07917e+06	455414	4300
855	6.07917e+06	455444	4300
856	6.07917e+06	455474	4300
857	6.07917e+06	455504	4300
858	6.07917e+06	455534	4300
859	6.07917e+06	455564	4300
860	6.07917e+06	455594	4300
861	6.07917e+06	455624	4300
862	6.07917e+06	455654	4300
863	6.07917e+06	455684	4300
864	6.07917e+06	455714	4300
865	6.07917e+06	455744	4300
866	6.07917e+06	455774	4300
867	6.07917e+06	455804	4300
868	6.07917e+06	455834	4300
869	6.07922e+06	455129	4300
870	6.07922e+06	455159	4300
871	6.07922e+06	455189	4300
872	6.07922e+06	455219	4300
873	6.07922e+06	455249	4300
874	6.07922e+06	455279	4300
875	6.07922e+06	455309	4300
876	6.07922e+06	455339	4300
877	6.07922e+06	455369	4300
878	6.07922e+06	455399	4300
879	6.07922e+06	455429	4300
880	6.07922e+06	455459	4300
881	6.07922e+06	455489	4300
882	6.07922e+06	455519	4300
883	6.07922e+06	455549	4300
884	6.07922e+06	455579	4300
885	6.07922e+06	455609	4300
886	6.07922e+06	455639	4300
887	6.07922e+06	455669	4300
888	6.07922e+06	455699	4300
889	6.07922e+06	455729	4300
890	6.07922e+06	455759	4300
891	6.07922e+06	455789	4300
892	6.07922e+06	455819	4300
893	6.07927e+06	455144	4300
894	6.07927e+06	455174	4300
895	6.07927e+06	455204	4300
896	6.07927e+06	455234	4300
897	6.07927e+06	455264	4300
898	6.07927e+06	455294	4300
899	6.07927e+06	455324	4300
900	6.07927e+06	455354	4300
901	6.07927e+06	455384	4300
902	6.07927e+06	455414	4300
903	6.07927e+06	455444	4300
904	6.07927e+06	455474	4300
905	6.07927e+06	455504	4300
906	6.07927e+06	455534	4300
907	6.07927e+06	455564	4300
908	6.07927e+06	455594	4300
909	6.07927e+06	455624	4300
910	6.07927e+06	455654	4300
911	6.07927e+06	455684	4300
912	6.07927e+06	455714	4300
913	6.07927e+06	455744	4300
914	6.07927e+06	455774	4300
915	6.07927e+06	455804	4300
916	6.07927e+06	455834	4300
917	6.07932e+06	455129	4300
918	6.07932e+06	455159	4300
919	6.07932e+06	455189	4300
920	6.07932e+06	455219	4300
921	6.07932e+06	455249	4300
922	6.07932e+06	455279	4300
923	6.07932e+06	455309	4300
924	6.07932e+06	455339	4300
925	6.07932e+06	455369	4300
926	6.07932e+06	455399	4300
927	6.07932e+06	455429	4300
928	6.07932e+06	455459	4300
929	6.07932e+06	455489	4300
930	6.07932e+06	455519	4300
931	6.07932e+06	455549	4300
932	6.07932e+06	455579	4300
933	6.07932e+06	455609	4300
934	6.07932e+06	455639	4300
935	6.07932e+06	455669	4300
936	6.07932e+06	455699	4300
937	6.07932e+06	455729	4300
938	6.07932e+06	455759	4300
939	6.07932e+06	455789	4300
940	6.07932e+06	455819	4300
941	6.07937e+06	455144	4300
942	6.07937e+06	455174	4300
943	6.07937e+06	455204	4300
944	6.07937e+06	455234	4300
945	6.07937e+06	455264	4300
946	6.07937e+06	455294	4300
947	6.07937e+06	455324	4300
948	6.07937e+06	455354	4300
949	6.07937e+06	455384	4300
950	6.07937e+06	455414	4300
951	6.07937e+06	455444	4300
952	6.07937e+06	455474	4300
953	6.07937e+06	455504	4300
954	6.07937e+06	455534	4300
955	6.07937e+06	455564	4300
956	6.07937e+06	455594	4300
957	6.07937e+06	455624	4300
958	6.07937e+06	455654	4300
959	6.07937e+06	455684	4300
960	6.07937e+06	455714	4300
961	6.07937e+06	455744	4300
962	6.07937e+06	455774	4300
963	6.07937e+06	455804	4300
964	6.07937e+06	455834	4300
965	6.07943e+06	455129	4300
966	6.07943e+06	455159	4300
967	6.07943e+06	455189	4300
968	6.07943e+06	455219	4300
969	6.07943e+06	455249	4300
970	6.07943e+06	455279	4300
971	6.07943e+06	455309	4300
972	6.07943e+06	455339	4300
973	6.07943e+06	455369	4300
974	6.07943e+06	455399	4300
975	6.07943e+06	455429	4300
976	6.07943e+06	455459	4300
977	6.07943e+06	455489	4300
978	6.07943e+06	455519	4300
979	6.07943e+06	455549	4300
980	6.07943e+06	455579	4300
981	6.07943e+06	455609	4300
982	6.07943e+06	455639	4300
983	6.07943e+06	455669	4300
984	6.07943e+06	455699	4300
985	6.07943e+06	455729	4300
986	6.07943e+06	455759	4300
987	6.07943e+06	455789	4300
988	6.07943e+06	455819	4300
989	6.07948e+06	455144	4300
990	6.07948e+06	455174	4300
991	6.07948e+06	455204	4300
992	6.07948e+06	455234	4300
993	6.07948e+06	455264	4300
994	6.07948e+06	455294	4300
995	6.07948e+06	455324	4300
996	6.07948e+06	455354	4300
997	6.07948e+06	455384	4300
998	6.07948e+06	455414	4300
999	6.07948e+06	455444	4300
1000	6.07948e+06	455474	4300
1001	6.07948e+06	455504	4300
1002	6.07948e+06	455534	4300
1003	6.07948e+06	455564	4300
1004	6.07948e+06	455594	4300
1005	6.07948e+06	455624	4300
1006	6.07948e+06	455654	4300
1007	6.07948e+06	455684	4300
1008	6.07948e+06	455714	4300
1009	6.07948e+06	455744	4300
1010	6.07948e+06	455774	4300
1011	6.07948e+06	455804	4300
1012	6.07948e+06	455834	4300
1013	6.07953e+06	455129	4300
1014	6.07953e+06	455159	4300
1015	6.07953e+06	455189	4300
1016	6.07953e+06	455219	4300
1017	6.07953e+06	455249	4300
1018	6.07953e+06	455279	4300
1019	6.07953e+06	455309	4300
1020	6.07953e+06	455339	4300
1021	6.07953e+06	455369	4300
1022	6.07953e+06	455399	4300
1023	6.07953e+06	455429	4300
1024	6.07953e+06	455459	4300
1025	6.07953e+06	455489	4300
1026	6.07953e+06	455519	4300
1027	6.07953e+06	455549	4300
1028	6.07953e+06	455579	4300
1029	6.07953e+06	455609	4300
1030	6.07953e+06	455639	4300
1031	6.07953e+06	455669	4300
1032	6.07953e+06	455699	4300
1033	6.07953e+06	455729	4300
1034	6.07953e+06	455759	4300
1035	6.07953e+06	455789	4300
1036	6.07953e+06	455819	4300
1037	6.07958e+06	455144	4300
1038	6.07958e+06	455174	4300
1039	6.07958e+06	455204	4300
1040	6.07958e+06	455234	4300
1041	6.07958e+06	455264	4300
1042	6.07958e+06	455294	4300
1043	6.07958e+06	455324	4300
1044	6.07958e+06	455354	4300
1045	6.07958e+06	455384	4300
1046	6.07958e+06	455414	4300
1047	6.07958e+06	455444	4300
1048	6.07958e+06	455474	4300
1049	6.07958e+06	455504	4300
1050	6.07958e+06	455534	4300
1051	6.07958e+06	455564	4300
1052	6.07958e+06	455594	4300
1053	6.07958e+06	455624	4300
1054	6.07958e+06	455654	4300
1055	6.07958e+06	455684	4300
1056	6.07958e+06	455714	4300
1057	6.07958e+06	455744	4300
1058	6.07958e+06	455774	4300
1059	6.07958e+06	455804	4300
1060	6.07958e+06	455834	4300
1061	6.07963e+06	455129	4300
1062	6.07963e+06	455159	4300
1063	6.07963e+06	455189	4300
1064	6.07963e+06	455219	4300
1065	6.07963e+06	455249	4300
1066	6.07963e+06	455279	4300
1067	6.07963e+06	455309	4300
1068	6.07963e+06	455339	4300
1069	6.07963e+06	455369	4300
1070	6.07963e+06	455399	4300
1071	6.07963e+06	455429	4300
1072	6.07963e+06	455459	4300
1073	6.07963e+06	455489	4300
1074	6.07963e+06	455519	4300
1075	6.07963e+06	455549	4300
1076	6.07963e+06	455579	4300
1077	6.07963e+06	455609	4300
1078	6.07963e+06	455639	4300
1079	6.07963e+06	455669	4300
1080	6.07963e+06	455699	4300
1081	6.07963e+06	455729	4300
1082	6.07963e+06	455759	4300
1083	6.07963e+06	455789	4300
1084	6.07963e+06	455819	4300
1085	6.07969e+06	455144	4300
1086	6.07969e+06	455174	4300
1087	6.07969e+06	455204	4300
1088	6.07969e+06	455234	4300
1089	6.07969e+06	455264	4300
1090	6.07969e+06	455294	4300
1091	6.07969e+06	455324	4300
1092	6.07969e+06	455354	4300
1093	6.07969e+06	455384	4300
1094	6.07969e+06	455414	4300
1095	6.07969e+06	455444	4300
1096	6.07969e+06	455474	4300
1097	6.07969e+06	455504	4300
1098	6.07969e+06	455534	4300
1099	6.07969e+06	455564	4300
1100	6.07969e+06	455594	4300
1101	6.07969e+06	455624	4300
1102	6.07969e+06	455654	4300
1103	6.07969e+06	455684	4300
1104	6.07969e+06	455714	4300
1105	6.07969e+06	455744	4300
1106	6.07969e+06	455774	4300
1107	6.07969e+06	455804	4300
1108	6.07969e+06	455834	4300
1109	6.07974e+06	455129	4300
1110	6.07974e+06	455159	4300
1111	6.07974e+06	455189	4300
1112	6.07974e+06	455219	4300
1113	6.07974e+06	455249	4300
1114	6.07974e+06	455279	4300
1115	6.07974e+06	455309	4300
1116	6.07974e+06	455339	4300
1117	6.07974e+06	455369	4300
1118	6.07974e+06	455399	4300
1119	6.07974e+06	455429	4300
1120	6.07974e+06	455459	4300
1121	6.07974e+06	455489	4300
1122	6.07974e+06	455519	4300
1123	6.07974e+06	455549	4300
1124	6.07974e+06	455579	4300
1125	6.07974e+06	455609	4300
1126	6.07974e+06	455639	4300
1127	6.07974e+06	455669	4300
1128	6.07974e+06	455699	4300
1129	6.07974e+06	455729	4300
1130	6.07974e+06	455759	4300
1131	6.07974e+06	455789	4300
1132	6.07974e+06	455819	4300
1133	6.07979e+06	455144	4300
1134	6.07979e+06	455174	4300
1135	6.07979e+06	455204	4300
1136	6.07979e+06	455234	4300
1137	6.07979e+06	455264	4300
1138	6.07979e+06	455294	4300
1139	6.07979e+06	455324	4300
1140	6.07979e+06	455354	4300
1141	6.07979e+06	455384	4300
1142	6.07979e+06	455414	4300
1143	6.07979e+06	455444	4300
1144	6.07979e+06	455474	4300
1145	6.07979e+06	455504	4300
1146	6.07979e+06	455534	4300
1147	6.07979e+06	455564	4300
1148	6.07979e+06	455594	4300
1149	6.07979e+06	455624	4300
1150	6.07979e+06	455654	4300
1151	6.07979e+06	455684	4300
1152	6.07979e+06	455714	4300
1153	6.07979e+06	455744	4300
1154	6.07979e+06	455774	4300
1155	6.07979e+06	455804	4300
1156	6.07979e+06	455834	4300
1157	6.07984e+06	455129	4300
1158	6.07984e+06	455159	4300
1159	6.07984e+06	455189	4300
1160	6.07984e+06	455219	4300
1161	6.07984e+06	455249	4300
1162	6.07984e+06	455279	4300
1163	6.07984e+06	455309	4300
1164	6.07984e+06	455339	4300
1165	6.07984e+06	455369	4300
1166	6.07984e+06	455399	4300
1167	6.07984e+06	455429	4300
1168	6.07984e+06	455459	4300
1169	6.07984e+06	455489	4300
1170	6.07984e+06	455519	4300
1171	6.07984e+06	455549	4300
1172	6.07984e+06	455579	4300
1173	6.07984e+06	455609	4300
1174	6.07984e+06	455639	4300
1175	6.07984e+06	455669	4300
1176	6.07984e+06	455699	4300
1177	6.07984e+06	455729	4300
1178	6.07984e+06	455759	4300
1179	6.07984e+06	455789	4300
1180	6.07984e+06	455819	4300
1181	6.07989e+06	455144	4300
1182	6.07989e+06	455174	4300
1183	6.07989e+06	455204	4300
1184	6.07989e+06	455234	4300
1185	6.07989e+06	455264	4300
1186	6.07989e+06	455294	4300
1187	6.07989e+06	455324	4300
1188	6.07989e+06	455354	4300
1189	6.07989e+06	455384	4300
1190	6.07989e+06	455414	4300
1191	6.07989e+06	455444	4300
1192	6.07989e+06	455474	4300
1193	6.07989e+06	455504	4300
1194	6.07989e+06	455534	4300
1195	6.07989e+06	455564	4300
1196	6.07989e+06	455594	4300
1197	6.07989e+06	455624	4300
1198	6.07989e+06	455654	4300
1199	6.07989e+06	455684	4300
1200	6.07989e+06	455714	4300
1201	6.07989e+06	455744	4300
1202	6.07989e+06	455774	4300
1203	6.07989e+06	455804	4300
1204	6.07989e+06	455834	4300
1205	6.07995e+06	455129	4300
1206	6.07995e+06	455159	4300
1207	6.07995e+06	455189	4300
1208	6.07995e+06	455219	4300
1209	6.07995e+06	455249	4300
1210	6.07995e+06	455279	4300
1211	6.07995e+06	455309	4300
1212	6.07995e+06	455339	4300
1213	6.07995e+06	455369	4300
1214	6.07995e+06	455399	4300
1215	6.07995e+06	455429	4300
1216	6.07995e+06	455459	4300
1217	6.07995e+06	455489	4300
1218	6.07995e+06	455519	4300
1219	6.07995e+06	455549	4300
1220	6.07995e+06	455579	4300
1221	6.07995e+06	455609	4300
1222	6.07995e+06	455639	4300
1223	6.07995e+06	455669	4300
1224	6.07995e+06	455699	4300
1225	6.07995e+06	455729	4300
1226	6.07995e+06	455759	4300
1227	6.07995e+06	455789	4300
1228	6.07995e+06	455819	4300
1229	6.08e+06	455144	4300
1230	6.08e+06	455174	4300
1231	6.08e+06	455204	4300
1232	6.08e+06	455234	4300
1233	6.08e+06	455264	4300
1234	6.08e+06	455294	4300
1235	6.08e+06	455324	4300
1236	6.08e+06	455354	4300
1237	6.08e+06	455384	4300
1238	6.08e+06	455414	4300
1239	6.08e+06	455444	4300
1240	6.08e+06	455474	4300
1241	6.08e+06	455504	4300
1242	6.08e+06	455534	4300
1243	6.08e+06	455564	4300
1244	6.08e+06	455594	4300
1245	6.08e+06	455624	4300
1246	6.08e+06	455654	4300
1247	6.08e+06	455684	4300
1248	6.08e+06	455714	4300
1249	6.08e+06	455744	4300
1250	6.08e+06	455774	4300
1251	6.08e+06	455804	4300
1252	6.08e+06	455834	4300
